Name	AF_IMAGESIZE	Compressed	Uncompressed	Blank	Bad
/access/p2/0802.aff	40060403712	36158	33554432 85 6144
/access/p2/0805.aff	1750003712	836841205	1750003712 124109 6656
/access/p2/0806.aff	20485398528	6869695412	20485398528 2324734 0
/access/p2/0807.aff	540868608	6016	33554432 11 6144
/access/p2/0808.aff	4304240640	2004450911	4304240640 197482 0
/access/p2/0809.aff	4099866624	6017	33554432 11 6144
/access/p2/0810.aff	4099866624	6017	33554432 11 6144
/access/p2/0811.aff	4099866624	6015	33554432 11 6144
/access/p2/0812.aff	4099866624	6019	33554432 11 6144
/access/p2/0813.aff	4099866624	1338941796	4099866624 138552 0
/access/p2/0814.aff	4099866624	2373516151	4099866624 168083 1024
/access/p2/0815.aff	4099866624	6017	33554432 11 6144
/access/p2/0816.aff	4099866624	6020	33554432 11 6144
/access/p2/0817.aff	4099866624	6019	33554432 11 6144
/access/p2/0818.aff	4099866624	6015	33554432 11 6144
/access/p2/0819.aff	4099866624	2667891416	4099866624 167200 0
/access/p2/0820.aff	4099866624	2214342827	4099866624 143004 0
/access/p2/0821.aff	4099866624	6017	33554432 11 6144
/access/p2/0822.aff	4099866624	6015	33554432 11 6144
/access/p2/0823.aff	4099866624	1781827613	4099866624 173933 0
/access/p2/0824.aff	3227148288	55855393	234881024 73489 6144
/access/p2/0825.aff	1707761664	372198356	973078528 76745 6144
/access/p2/0826.aff	730791936	6017	33554432 11 6144
/access/p2/0827.aff	1624670208	1600818031	1624670208 330 0
/access/p2/0828.aff	2111864832	1977291285	2111864832 325 0
/access/p2/0829.aff	2167603200	442399770	1509949440 122937 6144
/access/p2/0830.aff	2167603200	158774	922746880 1605503 6144
/access/p2/0831.aff	2167603200	333547	1946157056 3600903 6144
/access/p2/0832.aff	0	0	0 0 0
/access/p2/0833.aff	2559836160	373741	2550136832 0 8704
/access/p2/0834.aff	163928604672	1895610169	3238002688 146304 6144
/access/p2/0835.aff	4311982080	900356448	4311982080 132632 0
/access/p2/0836.aff	4311982080	1328383634	4311982080 148725 0
/access/p2/0837.aff	4311982080	1186803163	4311982080 125039 0
/access/p2/0838.aff	163928604672	3574222327	21256732672 558497 6144
/access/p2/0839.aff	163928604672	6012	33554432 11 6144
/access/p2/0840.aff	4311982080	1329480287	4311982080 141476 0
/access/p2/0842.aff	4311982080	978711680	4311982080 137659 0
/access/p2/0843.aff	163928604672	1224167111	4345298944 140463 6144
/access/p2/0844.aff	30020272128	5102264634	30020272128 700114 0
/access/p2/0845.aff	0	1604397288	0 0 0
/access/p2/0846.aff	40020664320	12524	40020664320 78165359 0
/access/p2/0847.aff	6448619520	4022653972	6448619520 261606 0
/access/p2/0849.aff	40020664320	10881699121	40020664320 5355641 0
/access/p2/0850.aff	40020664320	114038101	721420288 7485 6144
/access/p2/0851.aff	40020664320	468482	40020664320 72154844 0
/access/p2/0852.aff	0	0	0 0 0
/access/p2/0853.aff	40020664320	11459104	3388997632 10968 7168
/access/p2/0854.aff	0	2342318880	0 0 0
/access/p2/0855.aff	40020664320	2296613780	4462739456 203248 6144
/access/p2/0856.aff	80026361856	10734284864	26608664576 9784917 8704
/access/p2/0857.aff	0	0	0 0 0
/access/p2/0858.aff	0	3000	0 0 0
/access/p2/0859.aff	6448619520	236884	33554432 76 9728
/access/p2/0862.aff	4311982080	900666405	4311982080 127515 0
/access/p2/0863.aff	40020664320	12525	40020664320 78165359 0
/access/p2/0864.aff	4343641088	6016	33554432 11 6144
/access/p2/0865.aff	6448619520	3969639723	6448619520 427426 0
/access/p2/0866.aff	2192891392	104440887	251658240 21265 11264
/access/p2/0867.aff	2200100864	6015	33554432 11 6144
/access/p2/0868.aff	2192891392	104440887	251658240 21265 11264
/access/p2/0879.aff	2143129560	6013	33554432 0 6144
/access/p2/0881.aff	2143129560	6011	33554432 0 6144
/access/p2/0882.aff	4327464960	3947040	33554432 120 6144
/access/p2/0883.aff	3249340416	6171	671088640 1245195 6144
/access/p2/0884.aff	3249340416	3757	3249340416 6346367 0
/access/p2/0885.aff	3209084928	3749	3209084928 6267743 0
/access/p2/0886.aff	3249340416	3758	3249340416 6346367 0
/access/p2/0887.aff	3249340416	3758	3249340416 6346367 0
/access/p2/0888.aff	3228696576	3754	3228696576 6306047 0
/access/p2/0889.aff	3249340416	3756	3249340416 6346367 0
/access/p2/0890.aff	3240566784	3757	3240566784 6329231 0
/access/p2/0891.aff	3209084928	3749	3209084928 6267743 0
/access/p2/0892.aff	3249340416	3759	3249340416 6346367 0
/access/p2/0893.aff	3249340416	3756	3249340416 6346367 0
/access/p2/0894.aff	3209084928	3750	3209084928 6267743 0
/access/p2/0895.aff	3249340416	3757	3249340416 6346367 0
/access/p2/0896.aff	3249340416	3758	3249340416 6346367 0
/access/p2/0898.aff	3240050688	3757	3240050688 6328223 0
/access/p2/0899.aff	3249340416	3757	3249340416 6346367 0
/access/p2/0900.aff	3240646656	3757	3240646656 6329387 0
/access/p2/0901.aff	3240050688	3758	3240050688 6328223 0
/access/p2/0902.aff	3240566784	3757	3240566784 6329231 0
/access/p2/0903.aff	3209084928	3749	3209084928 6267743 0
/access/p2/0904.aff	421969408	117577248	419430400 49917 6656
/access/p2/0905.aff	127983104	48680159	127983104 10008 6656
/access/p2/0907.aff	127983104	50102880	127983104 7132 0
/access/p2/0908.aff	212674560	6016	33554432 11 6144
/access/p2/0909.aff	541384704	200071423	541384704 35032 6656
/access/p2/0911.aff	853622784	6021	33554432 11 6144
/access/p2/0913.aff	1705908224	221456739	419430400 53814 6144
/access/p2/0914.aff	1279503360	6013	33554432 11 6144
/access/p2/0915.aff	1281982464	1014569473	1281982464 16333 0
/access/p2/0916.aff	1704665088	1300297419	1704665088 70397 0
/access/p2/0917.aff	541384704	9352720	67108864 20200 6656
/access/p2/0918.aff	1630295040	23854944	83886080 8224 6144
/access/p2/0921.aff	0	0	0 0 0
/access/p2/0922.aff	9104953344	5670	9104953344 17783111 0
/access/p2/0924.aff	4321787904	2184651898	3556769792 0 0
/access/p2/0925.aff	545685504	18386388	486539264 451170 9728
/access/p2/0926.aff	548093952	85680339	548093952 487792 1536
/access/p2/0927.aff	540170240	25756739	540170240 63852 6144
/access/p2/0928.aff	853622784	6015	33554432 11 6144
/access/p2/0929.aff	4311982080	64112402	2399141888 0 5856
/access/p2/0930.aff	545685504	80594024	545685504 347851 0
/access/p2/0931.aff	184287232	65937196	184287232 0 0
/access/p2/0932.aff	4294817280	627225	4294817280 0 0
/access/p2/0933.aff	0	0	0 0 0
/access/p2/0935.aff	0	0	0 0 0
/access/p2/0936.aff	0	0	0 0 0
/access/p2/0937.aff	6448619520	6558739	6448619520 12576038 0
/access/p2/0938.aff	6448619520	1128309	6448619520 12591907 0
/access/p2/0939.aff	6448619520	1152294	6448619520 12575843 0
/access/p2/0940.aff	6448619520	6015	33554432 11 6144
/access/p2/0941.aff	3249340416	109539	67108864 0 6144
/access/p2/0943.aff	4303272960	1108014876	4303272960 1103483 0
/access/p2/0944.aff	4303272960	6879	3623878656 7034380 6656
/access/p2/0946.aff	4303272960	1586288087	4303272960 557197 0
/access/p2/0947.aff	4303272960	1543439738	4303272960 347132 0
/access/p2/0948.aff	3249340416	1549101	738197504 1 6144
/access/p2/0949.aff	4303272960	6188	4303272960 8401995 0
/access/p2/0950.aff	3249340416	1156094492	3249340416 264010 0
/access/p2/0951.aff	3249340416	219413848	3249340416 39082 0
/access/p2/0952.aff	544997376	111411047	486539264 46235 6144
/access/p2/0953.aff	541384704	16047012	520093696 727295 6144
/access/p2/0954.aff	127983104	7050806	83886080 2194 6144
/access/p2/0956.aff	212674560	6020	33554432 11 6144
/access/p2/0957.aff	212674560	6017	33554432 11 6144
/access/p2/0959.aff	127983104	7602620	100663296 2740 6144
/access/p2/0960.aff	2132619264	74425	1811939328 3469924 6144
/access/p2/0962.aff	212674560	6018	33554432 11 6144
/access/p2/0967.aff	270434304	6019	33554432 11 6144
/access/p2/0968.aff	170139648	692015	33554432 889 6144
/access/p2/0969.aff	127983104	9128206	127983104 2522 6656
/access/p2/0970.aff	365395968	6012	33554432 11 6144
/access/p2/0972.aff	4303272960	714336856	4303272960 156210 8704
/access/p2/0973.aff	4310433792	1712019765	4310433792 127816 7168
/access/p2/0974.aff	4311982080	1174926240	4311982080 393485 0
/access/p2/0975.aff	4299973632	1128464275	4299973632 2238654 0
/access/p2/0977.aff	4310433792	1667346926	4310433792 961491 0
/access/p2/0978.aff	4303272960	861353898	4303272960 381071 0
/access/p2/0979.aff	4303272960	858266283	4303272960 317922 0
/access/p2/0980.aff	4310433792	1927789753	4310433792 337189 0
/access/p2/0981.aff	4223729664	566125632	3472883712 3812044 6144
/access/p2/0982.aff	170649600	6013	33554432 11 6144
/access/p2/0985.aff	365395968	6011	33554432 11 6144
/access/p2/0986.aff	540868608	6014	33554432 11 6144
/access/p2/0991.aff	760209214464	9819064	251658240 101693 6144
/access/p2/0992.aff	170649600	6011	33554432 11 6144
/access/p2/0993.aff	3249340416	3756	3249340416 6346367 0
/access/p2/0995.aff	212674560	6019	33554432 11 6144
/access/p2/0996.aff	341299200	6012	33554432 11 6144
/access/p2/0997.aff	1549409458176	131498725	436207616 21457 6144
/access/p2/0998.aff	212674560	6017	33554432 11 6144
/access/p2/1000.aff	341299200	6010	33554432 11 6144
/access/p2/1001.aff	760209214464	9359385	251658240 101326 6144
/access/p2/1004.aff	0	0	0 0 0
/access/p2/1006.aff	0	0	0 0 0
/access/p2/1007.aff	20491075584	14590376098	20491075584 0 0
/access/p2/1008.aff	20409532416	10597320845	20409532416 0 0
/access/p2/1009.aff	22605004800	12174164693	22605004800 0 0
/access/p2/1010.aff	14200977408	6981394524	14200977408 0 0
/access/p2/1011.aff	15377080320	8516276880	15377080320 0 0
/access/p2/1012.aff	37509857280	30029751690	37509857280 0 0
/access/p2/1013.aff	40037760000	20816877569	40037760000 0 0
/access/p2/1014.aff	0	1182856441	0 0 0
/access/p2/1015.aff	15377080320	10281073473	15377080320 0 0
/access/p2/1016.aff	20020396032	14552592635	20020396032 0 0
/access/p2/1017.aff	10262568960	1993361940	10262568960 0 0
/access/p2/1018.aff	30000000000	22556624591	30000000000 0 0
/access/p2/1019.aff	40020664320	30088385672	40020664320 0 0
/access/p2/1020.aff	10141286400	4577456002	10141286400 0 0
/access/p2/1021.aff	30738677760	30343451492	30738677760 0 0
/access/p2/1022.aff	10141286400	4577455023	10141286400 0 0
/access/p2/1023.aff	13578485760	935430451	13578485760 0 0
/access/p2/1024.aff	10005037056	2047232801	10005037056 0 0
/access/p2/1025.aff	13578485760	10769081414	13578485760 0 0
