Name	AF_IMAGESIZE	Compressed	Uncompressed	Blank	Bad
/access/p1/0001.aff	172922880	136730357	172922880 0 0
/access/p1/0002.aff	730791936	176	730791936 0 0
/access/p1/0003.aff	426131456	219766	426131456 0 0
/access/p1/0004.aff	341299200	275920	341299200 0 0
/access/p1/0005.aff	130351104	43711358	130351104 0 0
/access/p1/0006.aff	131334144	42693709	131334144 0 0
/access/p1/0007.aff	127533056	39498713	127533056 0 0
/access/p1/0008.aff	170818560	27892775	170818560 0 0
/access/p1/0009.aff	43130880	8519947	43130880 0 0
/access/p1/0010.aff	127983616	42540127	127983616 0 0
/access/p1/0011.aff	245426688	74462210	245426688 0 0
/access/p1/0012.aff	540868608	77977486	540868608 0 0
/access/p1/0013.aff	541900800	102128698	541900800 0 0
/access/p1/0014.aff	426295296	201843315	426295296 0 0
/access/p1/0015.aff	428067840	140915737	428067840 0 0
/access/p1/0016.aff	524869632	172684857	524869632 0 0
/access/p1/0017.aff	270663680	113085752	270663680 0 0
/access/p1/0018.aff	212615168	70911529	212615168 0 0
/access/p1/0019.aff	154650624	34938534	154650624 0 0
/access/p1/0020.aff	541900800	1134831	541900800 0 0
/access/p1/0021.aff	1281982464	95174080	1281982464 0 0
/access/p1/0022.aff	1082253312	2237706	1082253312 0 0
/access/p1/0023.aff	375017984	200490882	375017984 0 0
/access/p1/0024.aff	343203840	108223065	343203840 0 0
/access/p1/0025.aff	343203840	87932042	343203840 0 0
/access/p1/0026.aff	121798656	24586983	121798656 0 0
/access/p1/0027.aff	170139648	98547626	170139648 0 0
/access/p1/0028.aff	1281982464	311593870	1281982464 0 0
/access/p1/0029.aff	127983616	30592446	127983616 0 0
/access/p1/0030.aff	212615168	26675133	212615168 0 0
/access/p1/0031.aff	127233024	21343686	127233024 0 0
/access/p1/0032.aff	155560960	39690470	155560960 0 0
/access/p1/0033.aff	170818560	19432932	170818560 0 0
/access/p1/0034.aff	41559040	12	41559040 0 0
/access/p1/0035.aff	212615168	36335494	212615168 0 0
/access/p1/0036.aff	156013056	13290732	156013056 0 0
/access/p1/0037.aff	88656896	29604495	88656896 0 0
/access/p1/0039.aff	114853376	33459460	114853376 0 0
/access/p1/0040.aff	1083801600	425793233	1083801600 0 0
/access/p1/0041.aff	1083801600	224919523	1083801600 0 0
/access/p1/0042.aff	122247680	14916431	122247680 0 0
/access/p1/0044.aff	251876352	155134664	251876352 0 0
/access/p1/0045.aff	52293632	1166194	52293632 0 0
/access/p1/0047.aff	1629831168	795603008	1629831168 0 0
/access/p1/0048.aff	853622784	294973480	853622784 0 0
/access/p1/0049.aff	541327360	145734353	541327360 0 0
/access/p1/0050.aff	1285079040	43261421	1285079040 0 0
/access/p1/0051.aff	2111864832	728137651	2111864832 0 0
/access/p1/0052.aff	1281982464	600818154	1281982464 0 0
/access/p1/0053.aff	223605760	60375296	223605760 0 0
/access/p1/0054.aff	365395968	130057061	365395968 0 0
/access/p1/0055.aff	528479232	165778351	528479232 0 0
/access/p1/0056.aff	853622784	190850554	853622784 0 0
/access/p1/0057.aff	542932992	196720942	542932992 0 0
/access/p1/0058.aff	545513472	211576242	545513472 0 0
/access/p1/0059.aff	426295296	64453491	426295296 0 0
/access/p1/0060.aff	2559836160	435967550	2559836160 0 0
/access/p1/0061.aff	223764992	58184006	223764992 0 0
/access/p1/0062.aff	1281982464	311594834	1281982464 0 0
/access/p1/0063.aff	636862464	178256299	636862464 0 0
/access/p1/0064.aff	426295296	223235804	426295296 0 0
/access/p1/0065.aff	428067840	33387339	428067840 0 0
/access/p1/0066.aff	2111864832	1367081390	2111864832 0 0
/access/p1/0067.aff	2111864832	223155106	2111864832 0 0
/access/p1/0068.aff	544997376	168745841	544997376 0 0
/access/p1/0069.aff	426295296	181892635	426295296 0 0
/access/p1/0070.aff	541384704	104269515	541384704 0 0
/access/p1/0072.aff	270663680	68	270663680 0 0
/access/p1/0073.aff	2160377856	970873830	2160377856 0 0
/access/p1/0074.aff	730791936	244692392	730791936 0 0
/access/p1/0075.aff	730791936	238165184	730791936 0 0
/access/p1/0076.aff	853622784	272756106	853622784 0 0
/access/p1/0077.aff	540868608	189804181	540868608 0 0
/access/p1/0078.aff	730791936	219137752	730791936 0 0
/access/p1/0079.aff	1083801600	465819236	1083801600 0 0
/access/p1/0080.aff	1083801600	411123666	1083801600 0 0
/access/p1/0082.aff	170818560	44	170818560 0 0
/access/p1/0083.aff	85038080	24	85038080 0 0
/access/p1/0084.aff	211000320	52	211000320 0 0
/access/p1/0085.aff	85038080	24	85038080 0 0
/access/p1/0086.aff	85038080	24	85038080 0 0
/access/p1/0087.aff	496052224	120	496052224 0 0
/access/p1/0088.aff	85038080	24	85038080 0 0
/access/p1/0089.aff	98076160	27016413	98076160 0 0
/access/p1/0091.aff	17171968	8	17171968 0 0
/access/p1/0092.aff	2111864832	221423	2111864832 0 0
/access/p1/0094.aff	535824384	173799603	535824384 0 0
/access/p1/0095.aff	1281982464	155792910	1281982464 0 0
/access/p1/0096.aff	853622784	303566996	853622784 0 0
/access/p1/0097.aff	540868608	199561786	540868608 0 0
/access/p1/0098.aff	1706213376	821307583	1706213376 0 0
/access/p1/0099.aff	642023424	204326233	642023424 0 0
/access/p1/0100.aff	642023424	187842825	642023424 0 0
/access/p1/0101.aff	638926848	890976	638926848 0 0
/access/p1/0103.aff	642023424	207844840	642023424 0 0
/access/p1/0104.aff	540868608	170471133	540868608 0 0
/access/p1/0105.aff	642023424	106167352	642023424 0 0
/access/p1/0106.aff	540868608	160571071	540868608 0 0
/access/p1/0107.aff	730791936	258299554	730791936 0 0
/access/p1/0109.aff	642023424	232203964	642023424 0 0
/access/p1/0110.aff	639959040	313828550	639959040 0 0
/access/p1/0111.aff	213909504	52	213909504 0 0
/access/p1/0112.aff	730791936	253228790	730791936 0 0
/access/p1/0113.aff	730791936	26441132	83886080 0 0
/access/p1/0114.aff	545513472	260584626	545513472 0 0
/access/p1/0115.aff	722018304	312324145	722018304 0 0
/access/p1/0118.aff	170139648	61266792	170139648 0 0
/access/p1/0121.aff	639959040	178345566	639959040 0 0
/access/p1/0128.aff	2111864832	707252775	2111864832 0 0
/access/p1/0133.aff	2111864832	433283155	2111864832 0 0
/access/p1/0134.aff	545513472	43625429	545513472 0 0
/access/p1/0138.aff	230309888	135727	230309888 0 0
/access/p1/0139.aff	172922880	219831	172922880 0 0
/access/p1/0140.aff	245571584	194214	245571584 0 0
/access/p1/0141.aff	131334144	3329	131334144 0 0
/access/p1/0142.aff	245571584	219573	245571584 0 0
/access/p1/0143.aff	525271040	17758509	525271040 0 0
/access/p1/0144.aff	245571584	194253	245571584 0 0
/access/p1/0145.aff	245571584	3356	245571584 0 0
/access/p1/0147.aff	172922880	2899	172922880 0 0
/access/p1/0149.aff	212615168	3349	212615168 0 0
/access/p1/0150.aff	172922880	3339	172922880 0 0
/access/p1/0151.aff	212615168	3349	212615168 0 0
/access/p1/0152.aff	245571584	3356	245571584 0 0
/access/p1/0153.aff	245571584	2900	245571584 0 0
/access/p1/0154.aff	212615168	3349	212615168 0 0
/access/p1/0155.aff	172922880	3339	172922880 0 0
/access/p1/0156.aff	131334144	3329	131334144 0 0
/access/p1/0157.aff	172922880	3339	172922880 0 0
/access/p1/0158.aff	125009920	3329	125009920 0 0
/access/p1/0160.aff	4223729664	5960	4223729664 0 0
/access/p1/0161.aff	576888832	334781779	576888832 0 0
/access/p1/0166.aff	2111864832	215698	2111864832 0 0
/access/p1/0168.aff	1080238080	225153053	1080238080 0 0
/access/p1/0170.aff	431761408	85865656	431761408 0 0
/access/p1/0171.aff	2104565760	168620799	2104565760 0 0
/access/p1/0172.aff	2104565760	153775094	2104565760 0 0
/access/p1/0176.aff	106522112	25398168	106522112 0 0
/access/p1/0177.aff	2113413120	318288145	2113413120 0 0
/access/p1/0178.aff	445057536	440290482	445057536 0 0
/access/p1/0179.aff	2111864832	466335396	2111864832 0 0
/access/p1/0181.aff	1974550528	1198653057	1974550528 0 0
/access/p1/0182.aff	2111864832	650335095	2111864832 0 0
/access/p1/0183.aff	1280950272	448794289	1280950272 0 0
/access/p1/0184.aff	1280950272	230683374	1280950272 0 0
/access/p1/0186.aff	1241972736	504348370	1241972736 0 0
/access/p1/0187.aff	2111864832	1178133776	2111864832 0 0
/access/p1/0190.aff	1280950272	236970703	1280950272 0 0
/access/p1/0191.aff	170139648	66384379	170139648 0 0
/access/p1/0193.aff	2559836160	625577173	2559836160 0 0
/access/p1/0194.aff	544997376	256882298	544997376 0 0
/access/p1/0195.aff	544997376	244445288	544997376 0 0
/access/p1/0196.aff	100819456	33796260	100819456 0 0
/access/p1/0197.aff	200678912	132656874	200678912 0 0
/access/p1/0198.aff	1080735744	110441967	1080735744 0 0
/access/p1/0199.aff	539836416	180258632	539836416 0 0
/access/p1/0200.aff	541327360	37510214	541327360 0 0
/access/p1/0201.aff	56041472	16510824	56041472 0 0
/access/p1/0202.aff	1707761664	477182915	1707761664 0 0
/access/p1/0204.aff	1281982464	390776314	1281982464 0 0
/access/p1/0205.aff	1285079040	672027753	1285079040 0 0
/access/p1/0206.aff	2111864832	984291295	2111864832 0 0
/access/p1/0209.aff	2564997120	550202208	2564997120 0 0
/access/p1/0210.aff	426295296	203689289	426295296 0 0
/access/p1/0211.aff	213909504	96056124	213909504 0 0
/access/p1/0212.aff	421956608	139051210	421956608 0 0
/access/p1/0214.aff	270663680	49874747	270663680 0 0
/access/p1/0215.aff	2559836160	4752	2559836160 0 0
/access/p1/0216.aff	542932992	70941169	542932992 0 0
/access/p1/0217.aff	2111864832	688370769	2111864832 0 0
/access/p1/0219.aff	1080238080	59374722	1080238080 0 0
/access/p1/0220.aff	1055287296	186303721	1055287296 0 0
/access/p1/0221.aff	270663680	40041	270663680 0 0
/access/p1/0222.aff	270663680	213627	270663680 0 0
/access/p1/0224.aff	426295296	87554762	426295296 0 0
/access/p1/0227.aff	213237760	159156686	213237760 0 0
/access/p1/0231.aff	426295296	158877556	426295296 0 0
/access/p1/0235.aff	112204800	33770953	112204800 0 0
/access/p1/0237.aff	213909504	6012	33554432 0 6144
/access/p1/0238.aff	213909504	6014	33554432 0 6144
/access/p1/0241.aff	3145728	3096	3145728 0 6144
/access/p1/0242.aff	853002240	8198177	50331648 2505 16384
/access/p1/0245.aff	545513472	173306299	545513472 62622 0
/access/p1/0246.aff	52293632	3229569	50331648 1342 6144
/access/p1/0247.aff	4311465984	12250	436207616 813011 6656
/access/p1/0248.aff	52293632	11534284	52293632 2773 0
/access/p1/0249.aff	213417984	24003987	213417984 230576 0
/access/p1/0250.aff	276368516096	6022	33554432 0 6144
/access/p1/0251.aff	44728320	6014	33554432 0 6144
/access/p1/0252.aff	4335206400	1497362059	4335206400 211715 0
/access/p1/0256.aff	2431844352	3562	2431844352 4749696 0
/access/p1/0258.aff	2431844352	395347595	2431844352 90738 0
/access/p1/0259.aff	6448619520	12151	6448619520 12593385 6144
/access/p1/0263.aff	2625005568	3611	2625005568 5126964 2048
/access/p1/0264.aff	4311982080	4014	4311982080 8421840 0
/access/p1/0265.aff	3240050688	6817541	3240050688 0 0
/access/p1/0266.aff	2625005568	6622	2550136832 4933120 6144
/access/p1/0267.aff	3239792640	6816712	3239792640 0 0
/access/p1/0268.aff	1449197568	11578367	1449197568 2781782 0
/access/p1/0269.aff	2167603200	62149	2167603200 4228834 0
/access/p1/0270.aff	853622784	6019	33554432 0 6144
/access/p1/0271.aff	853622784	6019	33554432 0 6144
/access/p1/0272.aff	853622784	6012	33554432 0 6144
/access/p1/0273.aff	50331648	8940	50331648 0 163840
/access/p1/0275.aff	853622784	6019	33554432 0 6144
/access/p1/0276.aff	853622784	6019	33554432 0 6144
/access/p1/0277.aff	853622784	6019	33554432 0 6144
/access/p1/0278.aff	853622784	6019	33554432 0 6144
/access/p1/0279.aff	853622784	6017	33554432 0 6144
/access/p1/0281.aff	853622784	6019	33554432 0 6144
/access/p1/0283.aff	853622784	6019	33554432 0 6144
/access/p1/0284.aff	853622784	6019	33554432 0 6144
/access/p1/0286.aff	853622784	6019	33554432 0 6144
/access/p1/0287.aff	853622784	6018	33554432 0 6144
/access/p1/0289.aff	853622784	6021	33554432 0 6144
/access/p1/0290.aff	4294817280	227725	4294817280 8387110 0
/access/p1/0291.aff	4293632000	3455766128	4293632000 196299 0
/access/p1/0292.aff	4293632000	2076061713	3472883712 335378 6144
/access/p1/0293.aff	4311982080	4013	4311982080 8421840 0
/access/p1/0295.aff	4311982080	4013	4311982080 8421840 0
/access/p1/0300.aff	3249340416	1143326407	3249340416 0 0
/access/p1/0301.aff	3166765056	708847162	3166765056 0 0
/access/p1/0302.aff	3228696576	4398	3228696576 0 0
/access/p1/0303.aff	3166765056	4383	3166765056 0 0
/access/p1/0305.aff	20020396032	161757662	20020396032 0 0
/access/p1/0308.aff	20416757760	990780197	20416757760 0 0
/access/p1/0310.aff	900923392	432907738	900923392 0 0
/access/p1/0312.aff	6716915712	1589668	6716915712 0 0
/access/p1/0313.aff	20489961472	2930029996	20489961472 0 0
/access/p1/0314.aff	20022951936	1850255643	20022951936 0 0
/access/p1/0315.aff	20020396032	7569754325	20020396032 18539568 0
/access/p1/0316.aff	6448619520	2047583831	6448619520 0 0
/access/p1/0317.aff	6448619520	1576247368	6448619520 0 0
/access/p1/0318.aff	106954752	11548994	100663296 1643 6144
/access/p1/0319.aff	2111864832	14750279	83886080 2624 6144
/access/p1/0320.aff	20547841536	934463630	20547841536 37288796 5514
/access/p1/0321.aff	6448881664	1292080980	6448881664 0 512
/access/p1/0322.aff	0	0	0 0 0
/access/p1/0323.aff	6448619520	1097665864	6448619520 0 0
/access/p1/0324.aff	6448619520	2289893443	6448619520 502717 0
/access/p1/0325.aff	6448619520	1342108561	6448619520 292774 0
/access/p1/0326.aff	6448619520	1054634212	6448619520 0 0
/access/p1/0327.aff	4311982080	304267566	1056964608 0 6144
/access/p1/0328.aff	6448619520	713742978	2432696320 1009961 6144
/access/p1/0329.aff	1183318016	316620019	1183318016 0 7168
/access/p1/0330.aff	126976	21279	126976 0 96
/access/p1/0331.aff	2626682880	292540595	2626682880 0 7168
/access/p1/0332.aff	2143027200	120329733	2143027200 0 6656
/access/p1/0333.aff	6448619520	1201100251	6448619520 4617138 32768
/access/p1/0334.aff	0	0	0 0 0
/access/p1/0335.aff	0	243264931	0 0 0
/access/p1/0338.aff	13578485760	2223725191	13578485760 4018957 0
/access/p1/0339.aff	9056904704	976174308	9056904704 13017701 0
/access/p1/0340.aff	9056904704	975167294	9056904704 13020648 0
/access/p1/0341.aff	9056904704	3532052	9056904704 5138 0
/access/p1/0342.aff	9056904704	977936233	9056904704 13020024 0
/access/p1/0343.aff	9056904704	976144576	9056904704 13018955 0
/access/p1/0344.aff	9056904704	3532564	9056904704 674 0
/access/p1/0345.aff	9056904704	975798215	9056904704 13021381 0
/access/p1/0346.aff	9056904704	977138339	9056904704 13016093 0
/access/p1/0347.aff	9056904704	21086472	9056904704 56763 0
/access/p1/0348.aff	9056904704	974590752	9056904704 13011314 6144
/access/p1/0349.aff	9056904704	976585573	9056904704 13025199 0
/access/p1/0350.aff	9056904704	974957061	9056904704 13022374 0
/access/p1/0351.aff	9056904704	976308645	9056904704 13022215 0
/access/p1/0354.aff	9056904704	977028433	9056904704 13019785 0
/access/p1/0355.aff	9056904704	928435878	8455716864 12027246 6144
/access/p1/0356.aff	9056904704	976016354	9056904704 13021868 0
/access/p1/0358.aff	540868608	6017	33554432 0 6144
/access/p1/0359.aff	270434304	6015	33554432 0 6144
/access/p1/0360.aff	50331648	118902	50331648 26 163840
/access/p1/0362.aff	1052090368	493417587	553648128 21678 9216
/access/p1/0363.aff	426295296	222449331	426295296 53925 0
/access/p1/0364.aff	426295296	47123088	426295296 581057 6144
/access/p1/0365.aff	528482304	6015	33554432 0 6144
/access/p1/0366.aff	1278400512	549195077	1278400512 290289 0
/access/p1/0367.aff	730791936	6913	33554432 0 6144
/access/p1/0370.aff	540868608	6016	33554432 0 6144
/access/p1/0371.aff	561176576	251493231	561176576 47250 6144
/access/p1/0372.aff	561176576	179823046	561176576 119214 6144
/access/p1/0373.aff	6448619520	607352774	1811939328 821049 6144
/access/p1/0375.aff	2149130240	1936962	2149130240 0 0
/access/p1/0376.aff	2149130240	1936793	2149130240 0 0
/access/p1/0377.aff	2149130240	1936963	2149130240 0 0
/access/p1/0378.aff	2149130240	1936936	2149130240 0 0
/access/p1/0380.aff	1216954368	1041792	1216954368 2366483 0
/access/p1/0381.aff	722534400	648822174	722534400 7990 0
/access/p1/0382.aff	344332800	81609324	301989888 12919 6144
/access/p1/0388.aff	4293632000	566803624	4293632000 734684 0
/access/p1/0389.aff	4293632000	10911	4293632000 8385457 0
/access/p1/0390.aff	0	0	0 0 0
/access/p1/0391.aff	85038080	40518080	85038080 0 0
/access/p1/0392.aff	4293632000	10909	4293632000 8385457 0
/access/p1/0394.aff	2431844352	5816074	2431844352 0 0
/access/p1/0397.aff	3145728	3084	3145728 0 6144
/access/p1/0399.aff	4223729664	1598458048	4223729664 0 0
/access/p1/0400.aff	11010048	3279	11010048 0 0
/access/p1/0401.aff	10242892800	886862473	10242892800 0 0
/access/p1/0402.aff	10242892800	250924568	10242892800 0 0
/access/p1/0403.aff	10242892800	251025737	10242892800 0 0
/access/p1/0404.aff	10242892800	526153857	10242892800 0 0
/access/p1/0405.aff	3145728	3085	3145728 0 6144
/access/p1/0406.aff	10242949120	251219515	10242949120 0 0
/access/p1/0407.aff	1082523648	246305696	1082523648 0 0
/access/p1/0409.aff	0	0	0 0 0
/access/p1/0410.aff	8455258112	2713062231	8455258112 0 0
/access/p1/0411.aff	65536	10627	65536 0 0
/access/p1/0412.aff	2559836160	579996854	2559836160 0 0
/access/p1/0413.aff	2111897600	2053373038	2111897600 0 0
/access/p1/0414.aff	850010112	27225393	850010112 0 0
/access/p1/0415.aff	0	812136334	0 0 0
/access/p1/0416.aff	4335206400	2164387019	4335206400 0 0
/access/p1/0417.aff	84672512	27032273	84672512 0 6144
/access/p1/0418.aff	4871301120	654884167	1258291200 58734 6144
/access/p1/0419.aff	2167603200	1022727102	1862270976 116949 6144
/access/p1/0420.aff	234881024	70212516	234881024 8455 163840
/access/p1/0421.aff	176160768	27706094	176160768 4056 393216
/access/p1/0423.aff	4311982080	1821089919	4311982080 0 0
/access/p1/0424.aff	6448619520	2694144281	6448619520 0 0
/access/p1/0425.aff	4311982080	256588	4311982080 0 0
/access/p1/0426.aff	0	0	0 0 0
/access/p1/0427.aff	4311982080	1896888200	4311982080 0 0
/access/p1/0428.aff	1358991360	681435938	1358991360 102555 0
/access/p1/0429.aff	4311982080	1980822197	4311982080 0 0
/access/p1/0430.aff	4311982080	1838435887	4311982080 0 0
/access/p1/0432.aff	1358991360	557772635	1358991360 112300 0
/access/p1/0438.aff	6448619520	1133391	6448619520 12575843 0
/access/p1/0439.aff	6448619520	1132719	6448619520 12575843 0
/access/p1/0440.aff	1207664640	422456863	1207664640 218394 277376
/access/p1/0441.aff	1275068416	504623189	1275068416 80314 163840
/access/p1/0445.aff	816084480	181881265	816084480 52520 0
/access/p1/0446.aff	528482304	217071	528482304 1030501 0
/access/p1/0452.aff	4294817280	829150	4294817280 2894080 0
/access/p1/0453.aff	4294816768	414659	4294816768 2908353 0
/access/p1/0456.aff	4294816768	621578	4294816768 2910104 0
/access/p1/0457.aff	4294816768	621581	4294816768 2910167 0
/access/p1/0458.aff	4265238016	156236546	4265238016 60324 0
/access/p1/0459.aff	4265238016	114907210	4265238016 64281 0
/access/p1/0461.aff	4265238016	530770221	4265238016 827663 0
/access/p1/0462.aff	4265238016	203612448	4265238016 480410 0
/access/p1/0469.aff	20491337728	9608477115	20491337728 0 512
/access/p1/0470.aff	2564997120	1126934798	2564997120 0 0
/access/p1/0471.aff	4197711872	2029842231	4197711872 0 9216
/access/p1/0472.aff	0	0	0 0 0
/access/p1/0473.aff	0	0	0 0 0
/access/p1/0474.aff	4791992320	3510683585	4791992320 0 6144
/access/p1/0475.aff	4310433792	3025796732	4310433792 0 0
/access/p1/0476.aff	7683637248	2456071076	7683637248 0 0
/access/p1/0478.aff	4311982080	675013977	4311982080 0 0
/access/p1/0479.aff	3249340416	1268213372	3249340416 0 0
/access/p1/0481.aff	5249664000	1381308136	5249664000 0 0
/access/p1/0482.aff	3249340416	1588776073	3249340416 0 0
/access/p1/0485.aff	2564481024	849168610	2564481024 0 0
/access/p1/0486.aff	3249340416	400012961	3249340416 0 0
/access/p1/0488.aff	4000776192	3937	4000776192 0 0
/access/p1/0489.aff	4226023424	7087	4226023424 0 8192
/access/p1/0490.aff	4000776192	3938	4000776192 0 0
/access/p1/0491.aff	4311982080	4014	4311982080 0 0
/access/p1/0493.aff	4311982080	6461	4311982080 0 0
/access/p1/0494.aff	4000776192	6004	100663296 164864 3072
/access/p1/0496.aff	4311982080	13466	4311982080 0 0
/access/p1/0497.aff	4311982080	406217846	4311982080 126055 0
/access/p1/0498.aff	4223729664	317568	4223729664 0 0
/access/p1/0499.aff	4303272960	812149331	4303272960 0 0
/access/p1/0511.aff	2111864832	7113	2111864832 0 0
/access/p1/0512.aff	13893632	4263	13893632 0 6144
/access/p1/0513.aff	2559836160	7219	2559836160 0 0
/access/p1/0514.aff	2559836160	958637642	2559836160 0 0
/access/p1/0517.aff	2111864832	1080895633	2111864832 0 0
/access/p1/0518.aff	2079588352	10205	2079588352 0 6144
/access/p1/0519.aff	2111864832	7113	2111864832 0 0
/access/p1/0520.aff	2559836160	7219	2559836160 0 0
/access/p1/0521.aff	8455200768	6994616531	8455200768 149304 0
/access/p1/0522.aff	3209084928	767354767	3209084928 135985 0
/access/p1/0523.aff	1083801600	46397386	83886080 4229 6144
/access/p1/0524.aff	3227148288	1902048082	3227148288 130324 0
/access/p1/0525.aff	6448619520	1150732	6448619520 12576788 0
/access/p1/0526.aff	6448619520	1828782	6448619520 12590204 0
/access/p1/0527.aff	6448619520	1133609	6448619520 12575843 0
/access/p1/0528.aff	1441972224	6015	1441972224 2816346 0
/access/p1/0529.aff	4286182680	6011	33554432 0 6144
/access/p1/0530.aff	4286182680	6012	33554432 0 6144
/access/p1/0531.aff	4286182680	6012	33554432 0 6144
/access/p1/0532.aff	18113808896	1093864163	18113808896 25207089 0
/access/p1/0533.aff	2008860032	6012	33554432 0 6144
/access/p1/0534.aff	2164083200	145658257	318767104 24777 6144
/access/p1/0535.aff	9173114880	5144289	9173114880 17633152 0
/access/p1/0536.aff	2164083200	314879	2164083200 72560 0
/access/p1/0538.aff	2164083200	3498	2164083200 4226725 0
/access/p1/0539.aff	9173114880	195796746	9173114880 16034837 0
/access/p1/0540.aff	130072576	6017	33554432 0 6144
/access/p1/0541.aff	209797120	6013	33554432 0 0
/access/p1/0542.aff	341961728	110078179	341961728 34741 6144
/access/p1/0543.aff	1094545576960	289084346	385875968 15397 6144
/access/p1/0544.aff	209797120	6012	33554432 0 6144
/access/p1/0545.aff	130072576	6017	33554432 0 6144
/access/p1/0546.aff	1350136832	11209	1350136832 2635776 0
/access/p1/0548.aff	2104565760	232652497	2104565760 45482 0
/access/p1/0549.aff	4569600000	198441270	4569600000 6791436 0
/access/p1/0550.aff	2255098368	116682673	2255098368 3661780 0
/access/p1/0551.aff	4290600960	101851008	4290600960 296525 0
/access/p1/0552.aff	2255098368	98666759	2255098368 3344446 0
/access/p1/0553.aff	4551129088	528903968	4551129088 81074 0
/access/p1/0554.aff	4551129088	171723650	469762048 28060 6144
/access/p1/0556.aff	4569600000	487033497	4569600000 6574182 0
/access/p1/0558.aff	12072517632	9830	33554432 0 6144
/access/p1/0562.aff	2428174336	680152034	2428174336 0 0
/access/p1/0563.aff	6505758720	4299819106	6505758720 0 0
/access/p1/0567.aff	1281982464	6015	33554432 0 6144
/access/p1/0568.aff	10249382912	6019	33554432 0 6144
/access/p1/0569.aff	33820284928	324455140	1174405120 138294 6144
/access/p1/0572.aff	3253469184	12477	33554432 0 6144
/access/p1/0574.aff	15096840192	6014	33554432 0 6144
/access/p1/0576.aff	3253469184	116495	33554432 9472 6144
/access/p1/0577.aff	1707761664	390812601	1707761664 60068 0
/access/p1/0578.aff	1707245568	333522274	1707245568 17630 0
/access/p1/0579.aff	541384704	171360477	541384704 8194 4096
/access/p1/0580.aff	541499392	149643958	541499392 11313 6656
/access/p1/0581.aff	541384704	161098757	541384704 8235 1536
/access/p1/0582.aff	541384704	172145700	541384704 9727 2048
/access/p1/0583.aff	541384704	189454170	541384704 19211 512
/access/p1/0584.aff	9100032000	154573769	671088640 13089 6144
/access/p1/0585.aff	9100032000	1542375757	9100032000 1470373 0
/access/p1/0586.aff	9100032000	1544356054	9100032000 1470646 0
/access/p1/0587.aff	9100032000	1542857477	9100032000 1470316 0
/access/p1/0588.aff	9100032000	1542366681	9100032000 1471408 0
/access/p1/0589.aff	8455200768	12648	8455200768 16513018 0
/access/p1/0590.aff	4303756800	10924	4303756800 8405231 0
/access/p1/0591.aff	2564481024	7724	2564481024 5008417 0
/access/p1/0592.aff	2111864832	7536	2111864832 4124457 0
/access/p1/0593.aff	2111864832	13517	2030043136 3931881 6656
/access/p1/0594.aff	812851200	5986	812851200 1587599 0
/access/p1/0595.aff	812851200	335635612	812851200 42915 0
/access/p1/0596.aff	811302912	54377025	811302912 8937 0
/access/p1/0597.aff	528482304	247732814	528482304 29324 0
/access/p1/0598.aff	4099866624	664755220	4099866624 82640 0
/access/p1/0599.aff	2167603200	815252050	2167603200 265402 0
/access/p1/0601.aff	4099866624	35783331	4099866624 838269 0
/access/p1/0603.aff	2564481024	2310450309	2564481024 76001 0
/access/p1/0606.aff	4223729664	514171044	2197815296 338684 6144
/access/p1/0607.aff	213909504	40917973	213909504 10439 0
/access/p1/0612.aff	12072517632	6702654389	12072517632 571957 6144
/access/p1/0613.aff	4293632000	4006	4293632000 8386000 0
/access/p1/0614.aff	4293632000	3857424248	4293632000 45275 0
/access/p1/0615.aff	853622784	6020	33554432 0 6144
/access/p1/0616.aff	0	0	0 0 0
/access/p1/0617.aff	541384704	34160967	536870912 1647 6656
/access/p1/0618.aff	169795584	69194339	169795584 23621 0
/access/p1/0619.aff	122247680	30906975	122247680 9227 0
/access/p1/0620.aff	184287232	29583178	184287232 0 0
/access/p1/0621.aff	0	0	0 0 0
/access/p1/0622.aff	1624670208	484497885	1624670208 170849 0
/access/p1/0623.aff	3860398080	1711906258	3860398080 329053 0
/access/p1/0624.aff	3228696576	1799569452	3228696576 284816 0
/access/p1/0625.aff	3228696576	1319463664	3228696576 492099 0
/access/p1/0626.aff	3228696576	3754	3228696576 6306048 0
/access/p1/0627.aff	3228696576	1493933419	3228696576 797146 0
/access/p1/0628.aff	1707245568	250641	1707245568 0 0
/access/p1/0629.aff	1624670208	141412	956301312 0 6144
/access/p1/0630.aff	1089994752	159916	1089994752 0 0
/access/p1/0631.aff	1614348288	482242203	1614348288 1194500 0
/access/p1/0632.aff	2111864832	309489	2111864832 0 0
/access/p1/0633.aff	2625005568	386613	2625005568 213 7168
/access/p1/0634.aff	2625005568	385504	2625005568 213 0
/access/p1/0635.aff	2160377856	6030	33554432 0 6144
/access/p1/0636.aff	3166765056	463963	3166765056 0 0
/access/p1/0637.aff	3249340416	656656278	3137339392 194377 6656
/access/p1/0638.aff	3249340416	733027085	3154116608 164759 7168
/access/p1/0639.aff	3249340416	655617337	3249340416 653312 0
/access/p1/0640.aff	3249340416	710586293	3249340416 176368 0
/access/p1/0641.aff	3249340416	1281122068	3249340416 225488 0
/access/p1/0643.aff	1281982464	6016	33554432 0 6144
/access/p1/0644.aff	1281982464	6014	33554432 0 6144
/access/p1/0645.aff	2111864832	3484	2111864832 4124736 0
/access/p1/0646.aff	2111864832	3484	2111864832 4124736 512
/access/p1/0647.aff	2111864832	3485	2111864832 4124736 0
/access/p1/0648.aff	3243663360	537482864	3120562176 3554797 7168
/access/p1/0649.aff	2147357696	847463337	2147357696 81163 0
/access/p1/0650.aff	3243663360	531218457	3154116608 3334331 8704
/access/p1/0651.aff	3501793280	1038183050	3501793280 127055 0
/access/p1/0652.aff	2147357184	433656675	2147357184 68459 0
/access/p1/0653.aff	3209084928	710615594	3209084928 2266931 0
/access/p1/0654.aff	4294816768	4010	4294816768 8388261 0
/access/p1/0655.aff	6448619520	1465638097	6448619520 396326 0
/access/p1/0656.aff	6448619520	535695838	6448619520 183836 0
/access/p1/0657.aff	6448619520	71047534	352321536 53519 6144
/access/p1/0658.aff	3249340416	1040022361	2785017856 282241 8192
/access/p1/0659.aff	6448619520	1539830999	5788139520 295449 6144
/access/p1/0660.aff	6448619520	2138990387	6448619520 534129 6144
/access/p1/0661.aff	6448619520	2105158855	6448619520 569734 6144
/access/p1/0662.aff	6448619520	2035171898	6448619520 259664 0
/access/p1/0663.aff	6448619520	2061969768	6448619520 342874 0
/access/p1/0664.aff	6448619520	1850500410	6448619520 429151 0
/access/p1/0665.aff	6448619520	515838018	5519704064 190624 6144
/access/p1/0667.aff	6448619520	551320021	6448619520 173919 0
/access/p1/0668.aff	6448619520	1272411264	6448619520 398711 0
/access/p1/0669.aff	6448619520	1590513581	5972688896 328010 6144
/access/p1/0670.aff	6448619520	2091314941	6448619520 492887 0
/access/p1/0671.aff	6448619520	1935855618	6448619520 468311 0
/access/p1/0672.aff	6448619520	1559602719	6174015488 280164 6656
/access/p1/0673.aff	10005037056	3520650970	10005037056 351937 0
/access/p1/0674.aff	6448619520	1741203371	6448619520 354121 0
/access/p1/0676.aff	6448619520	2470238112	6448619520 450255 0
/access/p1/0677.aff	3228696576	1035266302	3228696576 353250 0
/access/p1/0678.aff	6448619520	2002519199	6448619520 488008 0
/access/p1/0679.aff	6448619520	1214640411	6448619520 345512 0
/access/p1/0680.aff	6448619520	1453109058	6448619520 234715 0
/access/p1/0681.aff	6448619520	1786025040	6448619520 362909 0
/access/p1/0682.aff	6448619520	987585396	4043309056 1469460 6144
/access/p1/0683.aff	6448619520	1488797932	5922357248 1200458 8704
/access/p1/0684.aff	6448619520	12191	352321536 657916 6144
/access/p1/0685.aff	6448619520	113587953	5200936960 9457150 7168
/access/p1/0686.aff	6448619520	6014	33554432 0 6144
/access/p1/0687.aff	9747587072	789858317	2868903936 277074 6144
/access/p1/0689.aff	6448619520	463214775	1610612736 459155 11264
/access/p1/0690.aff	6448619520	1247598170	6448619520 4237161 0
/access/p1/0691.aff	6448619520	992592993	6448619520 523536 0
/access/p1/0693.aff	6448619520	2054847767	6448619520 339457 0
/access/p1/0694.aff	6448619520	1240638123	6448619520 272795 0
/access/p1/0695.aff	6448619520	1378181748	6448619520 391757 0
/access/p1/0696.aff	6448619520	1702512757	6448619520 364502 0
/access/p1/0697.aff	6448619520	2037012433	6448619520 610440 0
/access/p1/0698.aff	6448619520	1000025606	6448619520 4884714 0
/access/p1/0699.aff	6448619520	586942410	1828716544 167545 6144
/access/p1/0700.aff	6448619520	2040153367	6341787648 418104 6144
/access/p1/0701.aff	6448619520	1242271448	6448619520 326069 0
/access/p1/0702.aff	3200311296	1133762	3200311296 6247485 0
/access/p1/0703.aff	3243663360	1845243	3243663360 6325260 0
/access/p1/0704.aff	3243663360	1127109	3243663360 6332228 0
/access/p1/0705.aff	3243663360	1937491	3243663360 6324315 0
/access/p1/0706.aff	3860398080	6016	33554432 0 6144
/access/p1/0707.aff	3243663360	1127208	3243663360 6332228 0
/access/p1/0708.aff	3243663360	1126983	3243663360 6332228 0
/access/p1/0709.aff	3249340416	1127248	3249340416 6343316 0
/access/p1/0710.aff	3249340416	1142528	3249340416 6335252 0
/access/p1/0711.aff	3239792640	1136144	3239792640 6317108 0
/access/p1/0713.aff	3249340416	1893478620	3249340416 69407 0
/access/p1/0715.aff	9173114880	3352922609	9173114880 770704 0
/access/p1/0716.aff	9173114880	2828530055	9173114880 622815 0
/access/p1/0717.aff	9173114880	3009634575	9173114880 413161 0
/access/p1/0718.aff	9173114880	2644801229	9173114880 673072 0
/access/p1/0725.aff	541384704	43873289	150994944 22244 6144
/access/p1/0726.aff	631185408	293507351	620756992 55329 6144
/access/p1/0728.aff	528482304	145752774	528482304 29743 0
/access/p1/0730.aff	2147837440	364869	2147837440 1611 0
/access/p1/0731.aff	2147837440	282157396	2147837440 14752 0
/access/p1/0732.aff	2147837440	364875	2147837440 1598 0
/access/p1/0733.aff	2147837440	364805	2147837440 1604 0
/access/p1/0734.aff	2147837440	364794	2147837440 1596 0
/access/p1/0736.aff	2147837440	282265589	2147837440 16247 0
/access/p1/0737.aff	2147837440	282227696	2147837440 15088 0
/access/p1/0738.aff	2147837440	281840145	2147837440 13705 0
/access/p1/0739.aff	2559836160	2108668061	2559836160 45476 0
/access/p1/0740.aff	2111864832	1112530767	2111864832 257382 0
/access/p1/0741.aff	2559836160	830190290	2559836160 428311 0
/access/p1/0742.aff	2564352000	1671326812	2564352000 618368 0
/access/p1/0743.aff	2559836160	1003742811	2559836160 404472 512
/access/p1/0744.aff	6449587200	1943585546	6449587200 3770822 0
/access/p1/0745.aff	6449587200	4521	6449587200 12596849 0
/access/p1/0746.aff	6448619520	4521	6448619520 12594959 0
/access/p1/0747.aff	6447537664	4522	6447537664 12592846 0
/access/p1/0748.aff	6448619520	4522	6448619520 12594959 0
/access/p1/0749.aff	8455200768	1140693	8455200768 16431443 0
/access/p1/0750.aff	4223729664	1127504	4223729664 8246332 0
/access/p1/0751.aff	4223729664	1127390	4223729664 8246332 0
/access/p1/0752.aff	8455200768	12900131	8455200768 16437945 0
/access/p1/0753.aff	8455200768	5327509	8455200768 16495201 0
/access/p1/0754.aff	4310433792	1127460	4310433792 8415768 2560
/access/p1/0755.aff	4223729664	2176484	4223729664 8239052 0
/access/p1/0756.aff	4310433792	4831002	4310433792 8400220 0
/access/p1/0757.aff	4310433792	1127575	4310433792 8415763 0
/access/p1/0758.aff	2160431104	6014	33554432 11 6144
/access/p1/0759.aff	8622931968	4239199	8622931968 16826590 0
/access/p1/0760.aff	4303272960	1130631	3506438144 6794783 6144
/access/p1/0761.aff	4310433792	1127566	4310433792 8415763 0
/access/p1/0762.aff	4311982080	1195352	4311982080 8398943 0
/access/p1/0763.aff	4311982080	5020215	4311982080 8399276 0
/access/p1/0764.aff	1282830336	506734704	1282830336 169104 0
/access/p1/0765.aff	1082460160	220004471	838860800 76366 6144
/access/p1/0766.aff	1707761664	372199021	973078528 76745 6144
/access/p1/0767.aff	4321787904	842079576	4321787904 5386004 0
/access/p1/0768.aff	2111864832	591214331	2111864832 575665 0
/access/p1/0770.aff	13020069888	4805821517	7381975040 265744 6144
/access/p1/0771.aff	4311982080	2143920930	4311982080 320691 0
/access/p1/0773.aff	2113413120	603560861	1996488704 136855 6144
/access/p1/0775.aff	3249340416	6012	33554432 11 6144
/access/p1/0776.aff	2111864832	438565271	2111864832 76233 0
/access/p1/0777.aff	852266496	122576175	167772160 2192 8704
/access/p1/0778.aff	329638748160	8985	50331648 11 6144
/access/p1/0779.aff	4551129088	992931296	4551129088 1286332 0
/access/p1/0780.aff	40981118976	4128855998	40981118976 529993 0
/access/p1/0782.aff	329638748160	105606317	352321536 34346 15360
/access/p1/0783.aff	1281982464	6015	33554432 11 6144
/access/p1/0784.aff	1055932416	9449	838860800 1603323 7680
/access/p1/0790.aff	540868608	6017	33554432 11 6144
/access/p1/0791.aff	329638748160	84222806	318767104 27359 8704
/access/p1/0792.aff	11525455872	7672	33554432 0 6144
/access/p1/0793.aff	730791936	174719198	730791936 85175 0
/access/p1/0794.aff	1281982464	514614577	1281982464 158556 0
/access/p1/0797.aff	6448619520	25512	33554432 85 6144
/access/p1/0799.aff	11525455872	2741274563	11039408128 10574180 6144
