Name	AF_IMAGESIZE	Compressed	Uncompressed	Blank	Bad
/access/p3/1026.aff	13020069888	2478856028	13020069888 0 0
/access/p3/1027.aff	10245537792	9071965795	10245537792 0 0
/access/p3/1028.aff	13578485760	7696182839	13578485760 0 0
/access/p3/1029.aff	18042716160	15059422864	18042716160 0 0
/access/p3/1030.aff	15377080320	15306171861	15377080320 0 0
/access/p3/1031.aff	13578485760	8423414324	13578485760 0 0
/access/p3/1032.aff	10005037056	9795216323	10005037056 0 0
/access/p3/1033.aff	40020664320	20239018598	40020664320 0 0
/access/p3/1034.aff	20490559488	17787310540	20490559488 0 0
/access/p3/1035.aff	40060403712	1657190312	40060403712 0 0
/access/p3/1036.aff	10141286400	4978582196	10141286400 0 0
/access/p3/1037.aff	10005037056	1129337679	10005037056 0 0
/access/p3/1038.aff	40982151168	27803054991	40982151168 0 0
/access/p3/1039.aff	61492838400	53296717556	61492838400 0 0
/access/p3/1040.aff	20404101120	3088145332	20404101120 0 0
/access/p3/1041.aff	20491075584	18494855503	20491075584 0 0
/access/p3/1042.aff	10141286400	4569625678	10141286400 0 0
/access/p3/1043.aff	10141286400	9257435534	10141286400 0 0
/access/p3/1044.aff	10205282304	2311020624	10205282304 0 0
/access/p3/1046.aff	7510164480	1127358	7510164480 14665236 0
/access/p3/1047.aff	7683637248	8353578	7683637248 14988020 0
/access/p3/1048.aff	7509196800	1125099	7509196800 14663347 0
/access/p3/1049.aff	50331648	8975	50331648 2048 163840
/access/p3/1050.aff	7683637248	5801804	7683637248 14988114 0
/access/p3/1051.aff	268435456	55805430	268435456 23489 163840
/access/p3/1052.aff	620756992	253649861	620756992 44500 163840
/access/p3/1053.aff	503316480	163892020	503316480 37989 163840
/access/p3/1054.aff	4325529600	1163903121	4211081216 544102 655360
/access/p3/1055.aff	4325529600	731687777	4325529600 2546868 0
/access/p3/1057.aff	4325529600	1123968794	4325529600 268775 26924
/access/p3/1058.aff	4325529600	1271378599	4325529600 3277776 0
/access/p3/1059.aff	4325529600	1844396446	4325529600 451449 0
/access/p3/1060.aff	117440512	25420186	117440512 14721 163840
/access/p3/1061.aff	4325529600	1410054191	4325529600 295448 0
/access/p3/1062.aff	4325529600	2028132782	4325529600 222390 0
/access/p3/1063.aff	4325529600	1375511574	4325529600 2135781 0
/access/p3/1064.aff	2248146944	1055351048	2248146944 129073 163840
/access/p3/1065.aff	520093696	220691222	520093696 40904 163840
/access/p3/1066.aff	4325529600	1467809310	4325529600 365083 0
/access/p3/1067.aff	4325529600	1362442307	4325529600 316365 360448
/access/p3/1068.aff	1124073472	508186343	1124073472 75097 163840
/access/p3/1069.aff	4325529600	2365780060	4325529600 297468 0
/access/p3/1070.aff	4325529600	1360874182	4325529600 606855 0
/access/p3/1071.aff	4325529600	1248376849	4325529600 645883 0
/access/p3/1073.aff	117440512	36582140	117440512 16968 163840
/access/p3/1074.aff	4325529600	1372671208	4325529600 298200 0
/access/p3/1075.aff	4325529600	1399297006	4325529600 517050 0
/access/p3/1076.aff	4325529600	1162915029	4325529600 433626 0
/access/p3/1077.aff	4325529600	1313629179	4325529600 327510 0
/access/p3/1078.aff	4325529600	1214450419	4325529600 478067 0
/access/p3/1079.aff	4093640704	1329580303	4093640704 378849 163840
/access/p3/1080.aff	369098752	164397644	369098752 27268 163840
/access/p3/1081.aff	6448619520	1127672	6448619520 12591906 0
/access/p3/1082.aff	6448619520	1151064	6448619520 12575843 0
/access/p3/1083.aff	6448619520	1150962	6448619520 12575843 0
/access/p3/1084.aff	6448619520	1128679	6448619520 12575843 0
/access/p3/1085.aff	6448619520	1125357	6448619520 12591907 0
/access/p3/1086.aff	6448619520	3786642	6448619520 12576949 0
/access/p3/1088.aff	6448619520	6046074	6448619520 12576027 0
/access/p3/1089.aff	6448619520	1128734	6448619520 12575843 0
/access/p3/1090.aff	6448619520	1150829	6448619520 12575843 0
/access/p3/1091.aff	3228696576	1140167348	3228696576 262581 0
/access/p3/1092.aff	4303756800	1623644778	4303756800 352614 0
/access/p3/1094.aff	4303756800	1770575589	4303756800 424797 0
/access/p3/1101.aff	0	11538573	0 0 294912
/access/p3/1103.aff	536870912	660416	536870912 24658 163840
/access/p3/1104.aff	3204448256	926250782	3204448256 73098 622592
/access/p3/1105.aff	4325529600	1067220631	4325529600 1157629 0
/access/p3/1106.aff	4328562176	1493958112	4328562176 1585493 163840
/access/p3/1107.aff	6448619520	5991610	6448619520 24656 0
/access/p3/1108.aff	20416757760	11251400920	20416757760 3367310 0
/access/p3/1109.aff	2111864832	266987840	2111864832 3201457 0
/access/p3/1110.aff	1624670208	3392	1624670208 3141377 65536
/access/p3/1111.aff	1624670208	388	1624670208 3173183 0
/access/p3/1112.aff	1624670208	388	1624670208 3173183 0
/access/p3/1113.aff	50331648	8940	50331648 0 163840
/access/p3/1114.aff	1624670208	24358	1624670208 3026633 294912
/access/p3/1115.aff	8455200768	2016	8455200768 16514063 0
/access/p3/1116.aff	20520493056	4896	20520493056 40079087 0
/access/p3/1117.aff	8455200768	4717	8455200768 16514062 0
/access/p3/1122.aff	815394816	1038756	815394816 1570381 32768
/access/p3/1123.aff	100663296	11843045	100663296 12605 163840
/access/p3/1126.aff	3080060928	4959	3080060928 6015346 0
/access/p3/1129.aff	1443004416	38781103	1443004416 23720 0
/access/p3/1130.aff	4325529600	1067220631	4325529600 1157629 0
/access/p3/1131.aff	0	176322198	0 0 0
/access/p3/1132.aff	0	10620136	0 0 0
/access/p3/1133.aff	0	15722086	0 0 0
/access/p3/1134.aff	810786816	174168054	810786816 540233 0
/access/p3/1135.aff	2147837440	899671868	2147837440 10091 0
/access/p3/1136.aff	2139710976	478880679	2139710976 31660 98304
/access/p3/1137.aff	0	24647719	0 0 0
/access/p3/1138.aff	2147837440	1129738776	2147837440 27347 0
/access/p3/1139.aff	2577383424	418499175	1543503872 168150 393216
/access/p3/1140.aff	50331648	8937	50331648 0 163840
/access/p3/1141.aff	10239860736	6943184445	10239860736 390936 0
/access/p3/1142.aff	2111864832	551783911	2111864832 351731 0
/access/p3/1144.aff	3249340416	1352830218	3249340416 233808 0
/access/p3/1145.aff	9100369920	6461235683	9100369920 350100 0
/access/p3/1146.aff	4000776192	2088084952	4000776192 218044 79616
/access/p3/1147.aff	3249340416	1553368803	3249340416 219780 0
/access/p3/1148.aff	4310433792	1028	4310433792 8418815 0
/access/p3/1149.aff	3249340416	1146929753	3249340416 149331 0
/access/p3/1150.aff	4311982080	1032	4311982080 8421839 0
/access/p3/1151.aff	4311982080	1032	4311982080 8421839 0
/access/p3/1152.aff	4311982080	1032	4311982080 8421839 0
/access/p3/1153.aff	4311982080	1032	4311982080 8421839 0
/access/p3/1154.aff	4311982080	743840297	2231369728 137072 524288
/access/p3/1155.aff	4311982080	1032	4311982080 8421839 0
/access/p3/1156.aff	4311982080	1032	4311982080 8421839 0
/access/p3/1157.aff	4311982080	1032	4311982080 8421839 0
/access/p3/1158.aff	4311982080	1032	4311982080 8421839 0
